,1011010402,1011010501,1011010504,1011010801,1011010101,1011010201
1011010402,1.0,-0.20957696311223928,0.3337658655118591,0.6047506900978546,0.4388051777224792,0.395551747615539
1011010501,-0.20957696311223928,1.0,0.10317805850435918,-0.11400795719012022,0.2526922439265433,0.19326930005745255
1011010504,0.3337658655118591,0.10317805850435918,1.0,0.5355184832065174,0.5954941575749,0.429940852291393
1011010801,0.6047506900978546,-0.11400795719012022,0.5355184832065174,1.0,0.5960727915974668,0.46218835860517077
1011010101,0.4388051777224792,0.2526922439265433,0.5954941575749,0.5960727915974668,1.0,0.6333124493295276
1011010201,0.395551747615539,0.19326930005745255,0.429940852291393,0.46218835860517077,0.6333124493295276,1.0
